   1.0005749e+02   2.0941767e+04   2.2969391e+03   3.9905067e+03   5.0134047e+03
   2.0000000e+02   2.6540783e+02   2.0000019e+02   2.0862226e+02   2.0607509e+01
   3.0002580e+02   3.1722703e+02   3.0220963e+02   3.0399743e+02   4.8647249e+00
   4.0030415e+02   5.2114057e+02   4.7259703e+02   4.7532618e+02   3.0699927e+01
   5.6069240e+02   6.9799385e+02   6.3780072e+02   6.3740670e+02   3.1153857e+01
   6.0000000e+02   6.0000000e+02   6.0000000e+02   6.0000000e+02   9.1872839e-14
   7.8339858e+02   9.4689355e+02   8.4654492e+02   8.4981884e+02   3.0521641e+01
   8.7263181e+02   1.0109287e+03   9.2834888e+02   9.3264259e+02   3.0362728e+01
   9.5821376e+02   5.9298798e+03   2.7384813e+03   2.8460487e+03   1.0422344e+03
   2.7801919e+03   5.1105936e+03   4.1048420e+03   4.0421836e+03   5.2404882e+02
   1.1383604e+03   1.3257733e+03   1.1988666e+03   1.2007642e+03   4.4305101e+01
   1.8563760e+04   8.9457149e+05   7.0335623e+04   1.0665984e+05   1.4679569e+05
   1.4361542e+03   6.2471855e+04   1.2279801e+04   1.8128326e+04   1.7753047e+04
   1.6166789e+03   1.9654378e+05   1.0536958e+04   1.5943736e+04   2.8153123e+04
   1.5626447e+03   4.2814714e+04   6.4313002e+03   9.7817378e+03   1.0163475e+04
   1.7740574e+03   3.2004089e+03   2.4809801e+03   2.4803778e+03   3.3732797e+02
   1.7600151e+03   2.3159892e+03   1.9567586e+03   1.9855231e+03   1.3440797e+02
   2.9136401e+04   5.6264688e+05   1.4120931e+05   1.7116352e+05   1.2655393e+05
   1.9251118e+03   5.1343385e+04   5.7741159e+03   9.8492197e+03   1.0048022e+04
   2.0470716e+03   2.7514620e+03   2.2921495e+03   2.3186311e+03   1.5549156e+02
   2.3879685e+03   2.5881230e+03   2.4523319e+03   2.4598675e+03   4.3078424e+01
   2.3000000e+03   7.1613276e+03   5.8640985e+03   5.0189061e+03   1.7695513e+03
   2.7543930e+03   3.1308945e+03   2.8585893e+03   2.8687854e+03   7.2054189e+01
   2.9886944e+03   3.3627029e+03   3.1452418e+03   3.1545493e+03   9.4414522e+01
   2.8835939e+03   2.9427887e+03   2.8882268e+03   2.8929171e+03   1.3008200e+01
   2.8000000e+03   7.3041795e+03   5.5168765e+03   4.8943065e+03   1.4898110e+03
   3.2113512e+03   3.3034514e+03   3.2501010e+03   3.2512453e+03   2.3056328e+01
   3.1000000e+03   3.3481901e+03   3.2075251e+03   3.1885542e+03   5.5922259e+01
   3.3360856e+03   4.4254684e+03   3.7100817e+03   3.7526840e+03   2.2938965e+02
   5.4478702e+03   2.0136162e+04   7.9855583e+03   9.3348984e+03   3.6107140e+03
